19934353
845303
855088
932815
2016
34733
273006
186175812536
272527
73632748
317290
26279758
2146
671
3562544889
703455605
33381
5580559
0504146
806899
299989844
254
54652995
8937
7161576701
9789938
936551
64363786
7664055504
351930
22445521270
172784
3597568
720658882
83528609
02189674
91221
656720
8805943
94497238
019392557
9585
03866046
9347253293
83383720
67922837
494
27699620
47314
046513
32635
6310124
3996
80495650
87286
5759901
784258
39519496
1855157
098
1359952920
75207
723109
3140802
733
4234
7915061
8875
455353
810
063158
222602934
4970
85743
11509781
781912638
8544162183
9381469
9753255
33021047
1656160
438659236
2362423672
156747877
647991565
6678628
98
59714
0803731
992
150272060
52
39229
38010
4572214
3623
87339050
4181451193
86287894
8018849
