763899
7295152074056638
92802850924689171
29021077625471371417
564406719753535
39885076274419001302
6278556068
6955
53925550944
4263669145173
9630964099122061011
05886351534
5661738
048847039253
783010629798
75
57166802425783
10975472
16302471530
418152963021137
070627959
963728
1730
6926
4228241464
582
462792
7904002890742
555386
435524925
40892781139890
1406366839690137
574069476425000883
237666738161260515
673832
2908
414584028
0001277358883633
48654484298135974232
9374
4811255
13037875
8749612
939577795
1580471680297379810
28052524
51129507650513
79954
2207
07978169927756997
41744242455195
256107865713764022
38575260552041
0480799
33633260
0103021479
1049345999608669606
09931826011512746942
268
43692895949645
610360
5328031033812589
86907224534059617459
8263306077109881
16717952723309
89365091435192228595
8549244931688639
1195
2
3233489
66
2069
001270
09697903065
48951780698
49
7587229263957
3532709366607699818
3
201175995568525
4058711
3552
701751616010
69595
873886990845610863
84996129451
815488761945
579842419
640101924942311
531
6753358
57086381932436325858
1512137
93977
511915
25
872651422479376
12759925560
02535
5545064517
