25480502117910563487
821108130
008309271
43231862095
8578058793586003
749625118
753096296176686
8129274809236987796
085817226924
03104767966298172
1271626163794
853314480177480936
116
26384875
93885395817
5938
8186741521463
86216
1780452432
5776270064
63777565222577
085089695915960
1677138
2339
6199574243
685913565624211
19888
14
93
940312041528191
3291522
915008
562187
97355320640102
6013199374
55
972000
65576240316
047
75390298694545
51443248939975078
933140577278
17079365
66970368327497828596
820404536766
13187828111010
651760
09222217051
662666614479241
4561023938973
1220
67145
383727074591
354
3300
8606529329722
7830365737
08469497911847606933
3525
137398498440885004
002658923671
4008350397781
2
8025
97986653
78374081426988226974
570117787468361
006727660913951
44461566
8359931015
563603792
663
00735556986647321
0488033873054833576
30912776983
51688354450
17336355
06
0009394696660171
4130393803568
5002759
06
33
028742792209
086585780
385178475236
18863775295638
81124464642099026
0612588413
431794685531
0360
6294
01970862397840052
0396132532
2912
895169655005882893
968378112843033755
32
041409031
659205841033
